Date,Time,Open,High,Low,Close,Volume,OpenInt
2017-11-17,15:35:00,1049.8,1051,1046.01,1047.8,85706,0
2017-11-17,15:40:00,1048.5099,1048.52,1045.5,1045.5,17446,0
2017-11-17,15:45:00,1045.58,1048,1045.005,1047.62,13312,0
2017-11-17,15:50:00,1047.41,1048,1045.71,1047.075,5717,0
2017-11-17,15:55:00,1046.4829,1046.8159,1046,1046.43,7135,0
2017-11-17,16:00:00,1046.03,1047.46,1045.81,1046.83,6123,0
2017-11-17,16:05:00,1047.07,1047.07,1045.1,1045.72,3200,0
2017-11-17,16:10:00,1045.605,1045.8173,1044.75,1044.75,10482,0
2017-11-17,16:15:00,1044.56,1045.575,1044.0901,1045.25,8469,0
2017-11-17,16:20:00,1045.53,1046.28,1044.7,1045.16,7751,0
2017-11-17,16:25:00,1045.15,1045.49,1044.6,1045.49,3044,0
2017-11-17,16:30:00,1045.535,1045.73,1043.5,1044.32,7578,0
2017-11-17,16:35:00,1044.255,1044.255,1043.25,1043.3788,6282,0
2017-11-17,16:40:00,1043.33,1044.66,1043.16,1044.6,5080,0
2017-11-17,16:45:00,1044.2413,1045.44,1044.2413,1045.44,2450,0
2017-11-17,16:50:00,1045.01,1045.71,1044.885,1045.71,2287,0
2017-11-17,16:55:00,1045.562,1046.74,1045.562,1046.04,5009,0
2017-11-17,17:00:00,1045.83,1046.2185,1045.56,1045.9861,2000,0
2017-11-17,17:05:00,1046.33,1046.79,1046.32,1046.3201,4467,0
2017-11-17,17:10:00,1046.37,1046.37,1044.97,1045.45,4244,0
2017-11-17,17:15:00,1045.19,1045.19,1044,1044.74,2950,0
2017-11-17,17:20:00,1046,1046.535,1045.55,1046.032,3866,0
2017-11-17,17:25:00,1045.56,1045.83,1044.85,1045.45,6365,0
2017-11-17,17:30:00,1045.43,1046.115,1045.42,1045.86,4080,0
2017-11-17,17:35:00,1045.7,1046.34,1045.43,1045.53,3500,0
2017-11-17,17:40:00,1045.32,1045.5999,1044.65,1044.945,3548,0
2017-11-17,17:45:00,1044.77,1045.438,1044.37,1044.855,3705,0
2017-11-17,17:50:00,1044.84,1044.84,1044.1657,1044.64,1600,0
2017-11-17,17:55:00,1044.7392,1045.01,1043.81,1044.2225,4750,0
2017-11-17,18:00:00,1044.125,1044.18,1043.16,1043.685,8626,0
2017-11-17,18:05:00,1043.695,1043.695,1042.62,1042.78,5580,0
2017-11-17,18:10:00,1042.59,1042.95,1042.49,1042.75,3469,0
2017-11-17,18:15:00,1042.64,1044.66,1042.64,1044.47,3690,0
2017-11-17,18:20:00,1044.49,1044.64,1044.19,1044.26,2638,0
2017-11-17,18:25:00,1044,1044.75,1044,1044.75,3384,0
2017-11-17,18:30:00,1044.83,1045.225,1044.23,1044.4,5635,0
2017-11-17,18:35:00,1044.32,1044.51,1044.01,1044.275,1000,0
2017-11-17,18:40:00,1044.46,1044.53,1044.22,1044.3544,2050,0
2017-11-17,18:45:00,1044.34,1044.47,1043.45,1043.58,4360,0
2017-11-17,18:50:00,1043.93,1043.93,1042.73,1042.89,5225,0
2017-11-17,18:55:00,1042.975,1043.0095,1042.42,1042.44,5551,0
2017-11-17,19:00:00,1042.63,1042.94,1042.46,1042.94,1828,0
2017-11-17,19:05:00,1043.05,1043.16,1042.663,1042.7273,2755,0
2017-11-17,19:10:00,1042.605,1042.71,1041.975,1042.55,4456,0
2017-11-17,19:15:00,1042.42,1042.93,1042.395,1042.93,4189,0
2017-11-17,19:20:00,1042.68,1043.07,1042.62,1042.68,3415,0
2017-11-17,19:25:00,1042.848,1042.848,1042.5,1042.6005,1672,0
2017-11-17,19:30:00,1042.5,1042.52,1042.12,1042.12,4068,0
2017-11-17,19:35:00,1042.6399,1042.65,1042.12,1042.45,4136,0
2017-11-17,19:40:00,1042.445,1042.445,1041.84,1042.2,3001,0
2017-11-17,19:45:00,1042.2793,1042.52,1041.33,1041.6,5883,0
2017-11-17,19:50:00,1041.7788,1041.975,1041.27,1041.27,5373,0
2017-11-17,19:55:00,1041.28,1041.33,1040.14,1040.14,10803,0
2017-11-17,20:00:00,1040.08,1040.305,1038.78,1038.84,10004,0
2017-11-17,20:05:00,1039.049,1039.3934,1038.67,1039.11,7453,0
2017-11-17,20:10:00,1039.0201,1039.25,1038.83,1039.25,2125,0
2017-11-17,20:15:00,1039.06,1039.37,1038.8,1039.09,7489,0
2017-11-17,20:20:00,1038.89,1039.55,1038.5,1039.29,7834,0
2017-11-17,20:25:00,1039.06,1039.5326,1039.06,1039.29,2150,0
2017-11-17,20:30:00,1039.12,1039.495,1038.77,1039.15,4549,0
2017-11-17,20:35:00,1039.2,1039.47,1038.94,1039.04,2598,0
2017-11-17,20:40:00,1039.095,1039.095,1037.5,1037.9599,12948,0
2017-11-17,20:45:00,1037.6,1037.6,1035,1035.02,14746,0
2017-11-17,20:50:00,1035.1519,1036.72,1034.91,1036.7,13846,0
2017-11-17,20:55:00,1036.7,1037.18,1035.3901,1035.57,12887,0
2017-11-17,21:00:00,1035.56,1036.465,1035.52,1036.0219,4653,0
2017-11-17,21:05:00,1035.991,1036.16,1035.5552,1035.68,17029,0
2017-11-17,21:10:00,1035.9,1036.99,1035.885,1036.802,7875,0
2017-11-17,21:15:00,1036.46,1036.85,1036.41,1036.82,6505,0
2017-11-17,21:20:00,1036.825,1036.825,1036.1,1036.22,19674,0
2017-11-17,21:25:00,1036.11,1036.11,1035.355,1035.69,15462,0
2017-11-17,21:30:00,1035.84,1037.485,1035.7,1037.48,14293,0
2017-11-17,21:35:00,1037.31,1037.73,1037.07,1037.45,16512,0
2017-11-17,21:40:00,1037.18,1037.18,1035.97,1036.36,6595,0
2017-11-17,21:45:00,1036.49,1036.61,1034.09,1034.2075,21605,0
2017-11-17,21:50:00,1034.29,1034.89,1033.73,1034.51,22145,0
2017-11-17,21:55:00,1034.73,1035.45,1034.53,1034.53,33607,0
2017-11-17,22:00:00,1034.53,1036.37,1034.26,1035.67,60866,0
2017-11-20,15:35:00,1036,1036.805,1034.1,1034.44,50380,0
2017-11-20,15:40:00,1034.385,1036.9982,1034.2401,1036.845,12269,0
2017-11-20,15:45:00,1036.8656,1037.5521,1035.5205,1035.89,8335,0
2017-11-20,15:50:00,1035.67,1037.51,1035.67,1037.4,6264,0
2017-11-20,15:55:00,1037.48,1037.7008,1035.61,1036,7023,0
2017-11-20,16:00:00,1036.11,1037.295,1036.01,1037.13,6032,0
2017-11-20,16:05:00,1037.13,1038.695,1037.12,1037.65,14309,0
2017-11-20,16:10:00,1037.9,1037.92,1035.93,1036.56,6954,0
2017-11-20,16:15:00,1036.89,1036.99,1035.6095,1036.99,12875,0
2017-11-20,16:20:00,1036.32,1037.37,1036.1201,1037.37,3994,0
2017-11-20,16:25:00,1036.9592,1037.41,1036.6,1037,7728,0
2017-11-20,16:30:00,1037.29,1037.29,1035.0001,1035.7153,10214,0
2017-11-20,16:35:00,1035.5,1036.12,1034.94,1036.12,4404,0
2017-11-20,16:40:00,1036.044,1037.01,1034.91,1034.91,4353,0
2017-11-20,16:45:00,1035.18,1035.255,1033.33,1033.905,3342,0
2017-11-20,16:50:00,1033.74,1034.1,1033.36,1033.36,5865,0
2017-11-20,16:55:00,1033.86,1034.1,1033.36,1033.74,2016,0
2017-11-20,17:00:00,1033.79,1033.9624,1032.675,1033.04,13881,0
2017-11-20,17:05:00,1033.87,1034.62,1033.49,1034.33,4100,0
2017-11-20,17:10:00,1034.44,1034.55,1033.185,1033.43,5491,0
2017-11-20,17:15:00,1033.46,1034.46,1033.46,1034.36,6245,0
2017-11-20,17:20:00,1033.89,1034.03,1032.91,1033.77,3754,0
2017-11-20,17:25:00,1033.87,1034.09,1033.1,1033.755,3704,0
2017-11-20,17:30:00,1034.22,1034.34,1033.5107,1033.5107,3080,0
2017-11-20,17:35:00,1033.25,1033.78,1032.85,1033.18,3699,0
2017-11-20,17:40:00,1033.61,1033.81,1033.22,1033.25,2022,0
2017-11-20,17:45:00,1033.62,1034.3,1033.4001,1033.58,2800,0
2017-11-20,17:50:00,1033.8,1034.21,1033.45,1034,2699,0
2017-11-20,17:55:00,1034.2744,1035.05,1034.2744,1035.05,4503,0
2017-11-20,18:00:00,1035.21,1035.53,1034.97,1035.17,2512,0
2017-11-20,18:05:00,1035.156,1035.57,1034.91,1034.96,4031,0
2017-11-20,18:10:00,1034.72,1035.455,1034.71,1035.33,2273,0
2017-11-20,18:15:00,1035.15,1035.26,1034.92,1034.98,1000,0
2017-11-20,18:20:00,1035.2,1035.2,1034.33,1034.4,900,0
2017-11-20,18:25:00,1034.6,1034.6,1033.04,1033.04,2215,0
2017-11-20,18:30:00,1033.14,1033.73,1033.12,1033.34,1600,0
2017-11-20,18:35:00,1033.52,1033.73,1033.17,1033.41,2400,0
2017-11-20,18:40:00,1033.31,1033.95,1033.28,1033.95,1400,0
2017-11-20,18:45:00,1033.97,1034.475,1033.43,1034.475,3512,0
2017-11-20,18:50:00,1034.45,1034.6099,1033.9396,1034.42,3088,0
2017-11-20,18:55:00,1034.455,1034.79,1034.36,1034.79,600,0
2017-11-20,19:00:00,1035.3,1035.3,1034.445,1034.445,2900,0
2017-11-20,19:05:00,1034.6856,1035.38,1034.6856,1034.73,1959,0
2017-11-20,19:10:00,1035.1,1035.63,1034.59,1034.8297,3136,0
2017-11-20,19:15:00,1034.95,1035.395,1034.89,1035.23,2540,0
2017-11-20,19:20:00,1035.081,1035.34,1034.6503,1035.13,1890,0
2017-11-20,19:25:00,1035.44,1035.44,1035.06,1035.35,2331,0
2017-11-20,19:30:00,1035.42,1035.78,1035.27,1035.63,4293,0
2017-11-20,19:35:00,1035.44,1035.56,1034.25,1034.42,2741,0
2017-11-20,19:40:00,1034.43,1034.44,1034.06,1034.305,1624,0
2017-11-20,19:45:00,1034.43,1034.98,1034.34,1034.69,800,0
2017-11-20,19:50:00,1035.07,1035.3,1034.66,1035.22,3114,0
2017-11-20,19:55:00,1035.06,1035.39,1035,1035.2,2209,0
2017-11-20,20:00:00,1035.5,1035.98,1035.405,1035.74,3900,0
2017-11-20,20:05:00,1035.61,1035.61,1035.01,1035.17,1400,0
2017-11-20,20:10:00,1035.285,1036.1,1035.06,1035.7804,1600,0
2017-11-20,20:15:00,1036.1,1036.49,1035.895,1036,5729,0
2017-11-20,20:20:00,1035.87,1035.91,1035.51,1035.51,1743,0
2017-11-20,20:25:00,1035.62,1035.8,1034.41,1034.42,6556,0
2017-11-20,20:30:00,1034.375,1034.91,1034.375,1034.79,893,0
2017-11-20,20:35:00,1034.74,1035.13,1034.48,1035.13,1800,0
2017-11-20,20:40:00,1035.16,1035.1699,1034.445,1034.89,2508,0
2017-11-20,20:45:00,1034.99,1035.24,1034.965,1034.99,1300,0
2017-11-20,20:50:00,1035.04,1035.81,1035.04,1035.81,2543,0
2017-11-20,20:55:00,1035.76,1036.0106,1035.19,1035.22,3500,0
2017-11-20,21:00:00,1035.52,1035.74,1035.2401,1035.625,3176,0
2017-11-20,21:05:00,1035.74,1036.09,1035.44,1036.09,4127,0
2017-11-20,21:10:00,1035.945,1036.69,1035.78,1035.78,3769,0
2017-11-20,21:15:00,1036.14,1036.26,1035.745,1035.85,4139,0
2017-11-20,21:20:00,1035.75,1036.0099,1035.36,1035.4,5054,0
2017-11-20,21:25:00,1035.58,1035.71,1035.18,1035.475,2851,0
2017-11-20,21:30:00,1035.475,1035.5192,1035.0107,1035.44,3781,0
2017-11-20,21:35:00,1035.44,1035.9014,1035.25,1035.41,7514,0
2017-11-20,21:40:00,1035.6,1035.85,1035.16,1035.69,6732,0
2017-11-20,21:45:00,1035.47,1035.85,1034.18,1034.3,16032,0
2017-11-20,21:50:00,1034.415,1035.6,1034.4,1035.47,7044,0
2017-11-20,21:55:00,1035.58,1035.58,1034.48,1034.8001,8921,0
2017-11-20,22:00:00,1035,1035.43,1034.66,1034.66,115915,0
2017-11-21,15:35:00,1040.04,1042,1039.14,1041.68,31755,0
2017-11-21,15:40:00,1041.91,1043.3499,1041.7,1042.63,19695,0
2017-11-21,15:45:00,1042.7,1045.33,1042.5209,1044.084,20261,0
2017-11-21,15:50:00,1043.86,1046.54,1043.86,1044.86,20389,0
2017-11-21,15:55:00,1044.89,1045.535,1044.3159,1044.8122,9936,0
2017-11-21,16:00:00,1045.14,1045.6799,1044.7725,1045.015,8396,0
2017-11-21,16:05:00,1044.51,1045.32,1044.15,1045.15,6114,0
2017-11-21,16:10:00,1045.12,1045.13,1043.56,1044.44,14082,0
2017-11-21,16:15:00,1044.29,1045.27,1043.6901,1044.76,6663,0
2017-11-21,16:20:00,1045.07,1045.42,1044.54,1045.02,3965,0
2017-11-21,16:25:00,1044.81,1045.19,1043.54,1043.66,5955,0
2017-11-21,16:30:00,1043.69,1044.26,1043.6,1043.69,12092,0
2017-11-21,16:35:00,1043.685,1043.685,1042.8,1043.3059,6837,0
2017-11-21,16:40:00,1043.4,1044.4,1043.23,1043.91,9755,0
2017-11-21,16:45:00,1043.85,1044.19,1043.56,1044.19,6553,0
2017-11-21,16:50:00,1044.19,1044.85,1044.19,1044.7073,4166,0
2017-11-21,16:55:00,1044.72,1044.93,1044.435,1044.7857,5307,0
2017-11-21,17:00:00,1044.87,1045.16,1044.3528,1044.3528,4380,0
2017-11-21,17:05:00,1044.6,1044.93,1044.1825,1044.5408,4800,0
2017-11-21,17:10:00,1044.5644,1045.11,1044.5644,1044.6,7367,0
2017-11-21,17:15:00,1044.44,1044.97,1043.7,1044.42,9488,0
2017-11-21,17:20:00,1044.4299,1044.98,1044.11,1044.75,6014,0
2017-11-21,17:25:00,1044.8251,1045.39,1044.825,1045.16,5318,0
2017-11-21,17:30:00,1045.0201,1045.55,1045.02,1045.22,7544,0
2017-11-21,17:35:00,1045.4789,1045.785,1045.21,1045.49,9949,0
2017-11-21,17:40:00,1045.19,1045.25,1044.635,1045.224,2713,0
2017-11-21,17:45:00,1045.25,1046.075,1045.25,1046.075,6424,0
2017-11-21,17:50:00,1046.14,1046.39,1045.76,1046.36,8690,0
2017-11-21,17:55:00,1046.32,1047.08,1046.32,1046.89,6158,0
2017-11-21,18:00:00,1046.89,1047.22,1046.39,1046.39,4752,0
2017-11-21,18:05:00,1046.65,1046.81,1046.48,1046.67,3829,0
2017-11-21,18:10:00,1046.67,1047.17,1046.311,1046.93,8256,0
2017-11-21,18:15:00,1046.94,1047.04,1046.71,1046.89,4450,0
2017-11-21,18:20:00,1046.86,1047.01,1046.46,1046.5,6258,0
2017-11-21,18:25:00,1046.625,1046.84,1046.34,1046.66,3200,0
2017-11-21,18:30:00,1046.84,1046.84,1046.52,1046.53,2856,0
2017-11-21,18:35:00,1046.5411,1047.15,1046.41,1046.79,9945,0
2017-11-21,18:40:00,1046.9999,1047.09,1046.88,1047.04,4771,0
2017-11-21,18:45:00,1046.95,1046.95,1046.565,1046.71,3249,0
2017-11-21,18:50:00,1046.65,1046.77,1046.52,1046.72,2872,0
2017-11-21,18:55:00,1046.43,1047.135,1046.2,1046.53,2170,0
2017-11-21,19:00:00,1046.53,1046.85,1046.12,1046.43,4825,0
2017-11-21,19:05:00,1046.4843,1046.76,1046.4843,1046.675,1400,0
2017-11-21,19:10:00,1046.54,1046.9,1046.54,1046.9,2242,0
2017-11-21,19:15:00,1046.74,1047.21,1046.5,1047.12,5917,0
2017-11-21,19:20:00,1047.16,1047.47,1046.78,1047.03,3494,0
2017-11-21,19:25:00,1047.12,1047.34,1046.64,1047.09,3332,0
2017-11-21,19:30:00,1046.8,1047.29,1046.7304,1046.94,3824,0
2017-11-21,19:35:00,1047.0789,1047.3706,1046.81,1046.81,2671,0
2017-11-21,19:40:00,1047.15,1048.07,1047.092,1047.94,5302,0
2017-11-21,19:45:00,1047.597,1047.84,1047.39,1047.678,2893,0
2017-11-21,19:50:00,1047.6,1048.17,1047.6,1047.98,4937,0
2017-11-21,19:55:00,1047.8857,1048.69,1047.8857,1048.235,8920,0
2017-11-21,20:00:00,1048.51,1048.56,1048.185,1048.185,1500,0
2017-11-21,20:05:00,1048,1048.24,1047.53,1047.68,2455,0
2017-11-21,20:10:00,1047.65,1048,1047.3773,1047.63,2752,0
2017-11-21,20:15:00,1047.69,1047.8,1047.51,1047.565,2307,0
2017-11-21,20:20:00,1047.54,1048,1047.54,1048,3200,0
2017-11-21,20:25:00,1047.94,1048.36,1047.94,1048.295,2630,0
2017-11-21,20:30:00,1048.28,1049.12,1048.14,1049.11,6552,0
2017-11-21,20:35:00,1049,1049.08,1048.56,1048.89,4850,0
2017-11-21,20:40:00,1048.955,1050,1048.9,1049.74,3785,0
2017-11-21,20:45:00,1049.5501,1049.9634,1049.4229,1049.8,6467,0
2017-11-21,20:50:00,1049.87,1049.87,1049.49,1049.51,1300,0
2017-11-21,20:55:00,1049.46,1050,1048.69,1048.69,6400,0
2017-11-21,21:00:00,1048.88,1049.7763,1048.671,1049.23,6915,0
2017-11-21,21:05:00,1049.1,1049.5,1048.79,1048.92,3163,0
2017-11-21,21:10:00,1049,1049.61,1048.83,1049.19,6044,0
2017-11-21,21:15:00,1048.81,1049.11,1048.7,1048.94,4990,0
2017-11-21,21:20:00,1049.2,1049.3,1048.18,1048.8304,3212,0
2017-11-21,21:25:00,1048.53,1048.87,1048.29,1048.76,4212,0
2017-11-21,21:30:00,1048.67,1048.99,1048.53,1048.96,4169,0
2017-11-21,21:35:00,1048.84,1049.535,1048.62,1048.917,5500,0
2017-11-21,21:40:00,1048.95,1049.1025,1048.27,1048.95,5424,0
2017-11-21,21:45:00,1048.8,1050.39,1048.62,1050.27,16147,0
2017-11-21,21:50:00,1050.27,1050.39,1049.42,1049.73,10793,0
2017-11-21,21:55:00,1049.78,1050.39,1048.99,1049.095,18140,0
2017-11-21,22:00:00,1049.29,1050.3,1049.2325,1050.3,145333,0
2017-11-22,15:35:00,1051.16,1052.07,1050.61,1051.6,32433,0
2017-11-22,15:40:00,1051.66,1052.3458,1050.63,1050.66,13827,0
2017-11-22,15:45:00,1050.69,1050.99,1049.05,1050.17,13925,0
2017-11-22,15:50:00,1050.14,1050.4699,1048.25,1048.975,12946,0
2017-11-22,15:55:00,1048.83,1049.71,1048.545,1049.37,10202,0
2017-11-22,16:00:00,1049.43,1050.43,1049.14,1050.08,7657,0
2017-11-22,16:05:00,1050.08,1050.39,1048.86,1049.21,5202,0
2017-11-22,16:10:00,1048.85,1049.2788,1048.16,1048.58,6598,0
2017-11-22,16:15:00,1048.46,1048.99,1047.93,1048.97,5489,0
2017-11-22,16:20:00,1048.97,1049.46,1047.65,1048.16,4987,0
2017-11-22,16:25:00,1048.125,1048.45,1047.25,1047.7492,5756,0
2017-11-22,16:30:00,1047.765,1049.55,1047.76,1049.31,6000,0
2017-11-22,16:35:00,1049.53,1049.6798,1049.14,1049.14,3762,0
2017-11-22,16:40:00,1049.355,1049.65,1049.0251,1049.5765,4952,0
2017-11-22,16:45:00,1049.68,1050.4916,1049.4101,1050.49,5244,0
2017-11-22,16:50:00,1050.5,1050.5,1049.15,1049.425,2600,0
2017-11-22,16:55:00,1049.21,1049.5399,1048.8001,1049.285,2849,0
2017-11-22,17:00:00,1049.375,1049.425,1048.64,1048.64,5714,0
2017-11-22,17:05:00,1048.84,1049.08,1048.13,1048.75,7759,0
2017-11-22,17:10:00,1048.36,1048.94,1048.2902,1048.94,6078,0
2017-11-22,17:15:00,1048.77,1049.6064,1048.76,1049.13,4202,0
2017-11-22,17:20:00,1049.39,1049.39,1048.63,1048.63,2080,0
2017-11-22,17:25:00,1048.73,1048.8316,1048.3201,1048.74,1664,0
2017-11-22,17:30:00,1048.53,1049.09,1048.18,1049.09,5197,0
2017-11-22,17:35:00,1048.53,1048.63,1048.11,1048.4,1767,0
2017-11-22,17:40:00,1048.22,1048.275,1047.79,1047.99,2486,0
2017-11-22,17:45:00,1047.77,1048.13,1047.5,1048.13,2299,0
2017-11-22,17:50:00,1048.15,1049.3,1048.15,1049.02,3261,0
2017-11-22,17:55:00,1049.16,1049.16,1048.31,1048.3753,3080,0
2017-11-22,18:00:00,1048.56,1049.15,1048.51,1049.08,1800,0
2017-11-22,18:05:00,1048.92,1049.27,1048.89,1048.96,1688,0
2017-11-22,18:10:00,1048.84,1049.1,1048.5,1048.5,1400,0
2017-11-22,18:15:00,1048.52,1048.73,1048.3936,1048.73,2254,0
2017-11-22,18:20:00,1049.16,1049.37,1048.71,1049.05,2325,0
2017-11-22,18:25:00,1048.6902,1049.3,1048.6902,1049.15,1300,0
2017-11-22,18:30:00,1049.1722,1049.61,1049.1722,1049.31,7113,0
2017-11-22,18:35:00,1049.16,1049.4899,1049.16,1049.36,1600,0
2017-11-22,18:40:00,1049.24,1049.53,1049.24,1049.3694,2000,0
2017-11-22,18:45:00,1049.43,1049.79,1049.32,1049.73,6404,0
2017-11-22,18:50:00,1049.8,1049.9595,1049.54,1049.71,7000,0
2017-11-22,18:55:00,1049.76,1050.15,1049.54,1049.7,3320,0
2017-11-22,19:00:00,1049.92,1050.5675,1049.92,1050.49,858,0
2017-11-22,19:05:00,1050.33,1050.8099,1050.177,1050.8099,4045,0
2017-11-22,19:10:00,1050.81,1051.67,1050.81,1050.89,9133,0
2017-11-22,19:15:00,1050.9924,1051.18,1050.77,1051.0299,1613,0
2017-11-22,19:20:00,1050.69,1050.69,1049.9,1049.95,4332,0
2017-11-22,19:25:00,1050.09,1050.41,1050.005,1050.05,1800,0
2017-11-22,19:30:00,1050.47,1050.67,1050.47,1050.67,729,0
2017-11-22,19:35:00,1050.835,1050.835,1050.68,1050.68,1700,0
2017-11-22,19:40:00,1050.68,1050.68,1050.3175,1050.36,3311,0
2017-11-22,19:45:00,1050.26,1050.5,1050.26,1050.3004,2350,0
2017-11-22,19:50:00,1050.3,1050.71,1050.29,1050.71,2693,0
2017-11-22,19:55:00,1050.76,1050.89,1050.54,1050.54,2399,0
2017-11-22,20:00:00,1050.83,1051.14,1050.69,1050.965,2300,0
2017-11-22,20:05:00,1051.11,1051.91,1050.912,1051.91,6615,0
2017-11-22,20:10:00,1051.67,1051.86,1051.55,1051.7971,2450,0
2017-11-22,20:15:00,1051.59,1052.545,1051.59,1052.4,6804,0
2017-11-22,20:20:00,1052.39,1053.42,1052.39,1053.18,5988,0
2017-11-22,20:25:00,1052.8782,1053.2576,1052.8782,1053.08,1279,0
2017-11-22,20:30:00,1053.39,1053.88,1053.39,1053.46,3290,0
2017-11-22,20:35:00,1053.7052,1055.43,1053.7052,1055.11,16065,0
2017-11-22,20:40:00,1054.86,1055.12,1054.32,1054.6101,5022,0
2017-11-22,20:45:00,1055.04,1055.19,1054.76,1054.87,3302,0
2017-11-22,20:50:00,1055.06,1055.19,1054.79,1055.16,4673,0
2017-11-22,20:55:00,1055.1799,1055.1799,1054.7,1054.99,3500,0
2017-11-22,21:00:00,1054.7895,1054.7895,1054.07,1054.08,1977,0
2017-11-22,21:05:00,1053.91,1054.09,1053.09,1053.2,3305,0
2017-11-22,21:10:00,1053.19,1053.51,1052.97,1053.19,1700,0
2017-11-22,21:15:00,1052.9506,1053.13,1052.68,1053.13,3319,0
2017-11-22,21:20:00,1053.12,1053.13,1052.52,1053.06,5705,0
2017-11-22,21:25:00,1053.03,1053.515,1052.91,1053.28,3857,0
2017-11-22,21:30:00,1053.27,1054,1052.97,1053.88,6878,0
2017-11-22,21:35:00,1053.6223,1053.6875,1052.92,1052.98,2600,0
2017-11-22,21:40:00,1052.81,1052.83,1051.47,1052.04,4930,0
2017-11-22,21:45:00,1052.14,1052.435,1051.82,1051.82,9363,0
2017-11-22,21:50:00,1052.06,1052.51,1051.51,1052.3882,6963,0
2017-11-22,21:55:00,1052.55,1053.4,1052.18,1053.11,9768,0
2017-11-22,22:00:00,1052.89,1053.17,1051.81,1051.92,84983,0
2017-11-24,15:35:00,1054.39,1054.64,1051.92,1052.68,57275,0
2017-11-24,15:40:00,1053.2492,1056.515,1052.7714,1056.515,21698,0
2017-11-24,15:45:00,1056.31,1058.37,1056.29,1057.35,29845,0
2017-11-24,15:50:00,1057.66,1058.315,1056.45,1057,14711,0
2017-11-24,15:55:00,1057.3439,1058.2599,1057.01,1057.4,14190,0
2017-11-24,16:00:00,1057.4,1057.49,1056.29,1057.065,5655,0
2017-11-24,16:05:00,1056.92,1057.11,1055.64,1055.64,7182,0
2017-11-24,16:10:00,1055.72,1056.49,1055.329,1055.38,11326,0
2017-11-24,16:15:00,1055.807,1056.07,1055.1,1055.8626,5515,0
2017-11-24,16:20:00,1055.61,1056.6,1055.5,1056.6,5843,0
2017-11-24,16:25:00,1056.38,1057.1,1056.36,1056.69,6145,0
2017-11-24,16:30:00,1056.735,1056.75,1056,1056.41,6571,0
2017-11-24,16:35:00,1056.365,1057.21,1056.365,1056.827,4836,0
2017-11-24,16:40:00,1056.955,1057.44,1056.743,1057.16,6225,0
2017-11-24,16:45:00,1057.32,1057.74,1056.92,1057.74,12074,0
2017-11-24,16:50:00,1057.74,1059.11,1057.62,1058.94,15758,0
2017-11-24,16:55:00,1058.94,1059.53,1058.55,1059.48,7335,0
2017-11-24,17:00:00,1059.4847,1059.83,1059.08,1059.36,10539,0
2017-11-24,17:05:00,1059.55,1059.72,1059.25,1059.5,4000,0
2017-11-24,17:10:00,1059.29,1060.07,1059.25,1059.675,26823,0
2017-11-24,17:15:00,1059.5425,1059.6892,1058.26,1059.4,6630,0
2017-11-24,17:20:00,1059.19,1059.72,1058.9,1058.9498,5435,0
2017-11-24,17:25:00,1059.3,1059.3355,1057.5201,1058.09,7200,0
2017-11-24,17:30:00,1058.28,1058.83,1058.28,1058.3,1800,0
2017-11-24,17:35:00,1058.54,1058.56,1057.67,1057.67,2590,0
2017-11-24,17:40:00,1057.77,1058.27,1057.6592,1058.27,4100,0
2017-11-24,17:45:00,1058.3899,1058.78,1057.93,1058.53,4700,0
2017-11-24,17:50:00,1058.53,1058.53,1057.7,1058.1698,3978,0
2017-11-24,17:55:00,1057.955,1057.955,1057.32,1057.34,5940,0
2017-11-24,18:00:00,1057.23,1057.9,1057.23,1057.63,2300,0
2017-11-24,18:05:00,1057.334,1058,1057.334,1057.99,2656,0
2017-11-24,18:10:00,1057.99,1059.8799,1057.99,1059.76,20678,0
2017-11-24,18:15:00,1059.8,1059.8372,1059.3299,1059.535,4184,0
2017-11-24,18:20:00,1059.5,1059.68,1059.05,1059.44,10985,0
2017-11-24,18:25:00,1059.53,1059.7599,1058.24,1058.408,5569,0
2017-11-24,18:30:00,1058.36,1059.2,1057.78,1058.75,7801,0
2017-11-24,18:35:00,1058.88,1058.88,1057.73,1057.99,8270,0
2017-11-24,18:40:00,1058,1058.96,1057.5101,1058.5823,9435,0
2017-11-24,18:45:00,1058.68,1058.77,1057.63,1058.07,18993,0
2017-11-24,18:50:00,1057.7001,1057.87,1057.5,1057.5907,6770,0
2017-11-24,18:55:00,1057.78,1057.9,1056.87,1056.98,17137,0
2017-11-24,19:00:00,1056.9988,1057.65,1056.67,1056.74,28505,0
2017-11-24,19:05:00,1057.09,1057.09,1056.52,1056.52,74587,0
2017-11-27,15:35:00,1058.57,1058.96,1054.7713,1055.57,41656,0
2017-11-27,15:40:00,1055.975,1060.295,1055.53,1059.71,20677,0
2017-11-27,15:45:00,1060,1061.26,1059.39,1060.52,35754,0
2017-11-27,15:50:00,1060.5,1063.72,1059.7,1063.69,37674,0
2017-11-27,15:55:00,1063.69,1065,1063.57,1064.86,30240,0
2017-11-27,16:00:00,1064.8615,1064.8615,1061.325,1062.65,30660,0
2017-11-27,16:05:00,1063.4,1066.15,1063.11,1065.705,24020,0
2017-11-27,16:10:00,1065.71,1066.66,1065.5,1066,26335,0
2017-11-27,16:15:00,1066,1066.2,1064.74,1065.365,10024,0
2017-11-27,16:20:00,1065.13,1066.23,1065.13,1066.18,7819,0
2017-11-27,16:25:00,1066.3,1067.09,1066.185,1066.53,11052,0
2017-11-27,16:30:00,1066.3662,1066.85,1065.84,1066.37,7249,0
2017-11-27,16:35:00,1066.185,1067.19,1066.16,1066.34,12768,0
2017-11-27,16:40:00,1066.33,1066.55,1065.59,1066.14,10215,0
2017-11-27,16:45:00,1066.37,1066.499,1065.04,1065.19,8226,0
2017-11-27,16:50:00,1065.2126,1065.92,1064.724,1065.59,8686,0
2017-11-27,16:55:00,1065.42,1066.87,1065.42,1065.73,6371,0
2017-11-27,17:00:00,1066.07,1067.5999,1065.42,1067.33,7717,0
2017-11-27,17:05:00,1067.3664,1068.97,1067.24,1068.9599,15167,0
2017-11-27,17:10:00,1068.72,1069.27,1067.93,1068.29,9483,0
2017-11-27,17:15:00,1068.1084,1068.178,1065.8688,1065.88,12518,0
2017-11-27,17:20:00,1065.8913,1066.4,1064.4496,1065.45,23961,0
2017-11-27,17:25:00,1065.5,1065.5,1063.02,1063.64,21764,0
2017-11-27,17:30:00,1063.08,1063.49,1060.4933,1062.336,33927,0
2017-11-27,17:35:00,1062.42,1064.89,1062.42,1064.14,13754,0
2017-11-27,17:40:00,1064.3,1064.438,1062.5,1062.81,12843,0
2017-11-27,17:45:00,1063.2,1065.29,1062.69,1065.091,6673,0
2017-11-27,17:50:00,1065.46,1066.02,1064.51,1065.52,7211,0
2017-11-27,17:55:00,1065.0601,1066.32,1064.83,1066.02,7442,0
2017-11-27,18:00:00,1065.95,1066.21,1065.06,1065.06,2970,0
2017-11-27,18:05:00,1065.15,1065.4,1063.38,1063.93,8102,0
2017-11-27,18:10:00,1063.84,1065.39,1063.84,1065.39,4682,0
2017-11-27,18:15:00,1065.045,1066.255,1065.045,1065.65,5000,0
2017-11-27,18:20:00,1065.075,1065.39,1064.44,1065,6302,0
2017-11-27,18:25:00,1065.11,1065.11,1064.16,1064.92,3600,0
2017-11-27,18:30:00,1064.62,1065.28,1064.43,1065.28,2826,0
2017-11-27,18:35:00,1065.22,1065.76,1065.22,1065.55,2712,0
2017-11-27,18:40:00,1065.7,1065.8,1064.52,1065,5402,0
2017-11-27,18:45:00,1064.92,1065.31,1064.51,1064.86,7300,0
2017-11-27,18:50:00,1064.945,1065.42,1064.5,1065,5200,0
2017-11-27,18:55:00,1065.36,1066.46,1065.35,1066.3,4000,0
2017-11-27,19:00:00,1066.29,1066.95,1065.94,1066.5,3742,0
2017-11-27,19:05:00,1066.62,1067.7699,1066.3184,1067.7699,6813,0
2017-11-27,19:10:00,1067.788,1068.89,1067.75,1068.3,6509,0
2017-11-27,19:15:00,1068.4,1068.62,1067.0122,1067.09,4793,0
2017-11-27,19:20:00,1067.09,1067.65,1066.63,1067.59,3962,0
2017-11-27,19:25:00,1067.62,1069.4899,1067.06,1068.77,15367,0
2017-11-27,19:30:00,1068.84,1069.2,1068.44,1068.961,4150,0
2017-11-27,19:35:00,1069.07,1070.3,1068.868,1069.925,24697,0
2017-11-27,19:40:00,1069.774,1070.32,1069.61,1070.01,18983,0
2017-11-27,19:45:00,1070,1070.94,1070,1070.59,8786,0
2017-11-27,19:50:00,1070.67,1071.28,1070.455,1070.455,7501,0
2017-11-27,19:55:00,1070.43,1070.7,1069.66,1070.275,10234,0
2017-11-27,20:00:00,1070.6,1071.02,1070.0391,1070.99,5052,0
2017-11-27,20:05:00,1070.7101,1071.09,1069.87,1070.23,8094,0
2017-11-27,20:10:00,1070.0969,1070.5086,1069.8,1070.2365,7862,0
2017-11-27,20:15:00,1070.31,1070.31,1069.52,1069.52,4580,0
2017-11-27,20:20:00,1069.6703,1069.685,1067.25,1067.9438,9194,0
2017-11-27,20:25:00,1067.78,1067.835,1066.57,1066.99,11092,0
2017-11-27,20:30:00,1067.03,1068.51,1067.03,1067.86,2214,0
2017-11-27,20:35:00,1067.72,1068.09,1067.5,1067.8,1400,0
2017-11-27,20:40:00,1067.46,1067.765,1066.9,1067.4,5125,0
2017-11-27,20:45:00,1067.18,1068.55,1067.18,1068.54,5705,0
2017-11-27,20:50:00,1068.55,1068.72,1067.35,1068.43,8334,0
2017-11-27,20:55:00,1068.32,1069.55,1067.815,1069.36,6809,0
2017-11-27,21:00:00,1069.56,1070.27,1068.5201,1069.49,8464,0
2017-11-27,21:05:00,1069.385,1069.9,1069.065,1069.49,10100,0
2017-11-27,21:10:00,1069.01,1069.48,1068.691,1069.14,4262,0
2017-11-27,21:15:00,1068.79,1069.02,1068.37,1068.56,4674,0
2017-11-27,21:20:00,1068.64,1068.64,1067.78,1068.6199,4712,0
2017-11-27,21:25:00,1068.49,1069.275,1068.17,1068.85,4582,0
2017-11-27,21:30:00,1069.04,1069.94,1069.01,1069.231,8816,0
2017-11-27,21:35:00,1069.33,1069.61,1068.85,1069.38,11400,0
2017-11-27,21:40:00,1069.52,1070.56,1069.52,1070.46,13740,0
2017-11-27,21:45:00,1070.45,1071.3504,1070.25,1071.3504,27864,0
2017-11-27,21:50:00,1071.45,1072.01,1071.17,1071.87,29495,0
2017-11-27,21:55:00,1072.08,1072.08,1070.72,1071.86,31128,0
2017-11-27,22:00:00,1071.92,1073.035,1071.53,1072.01,176231,0
2017-11-28,15:35:00,1073.99,1080,1073.0865,1078.3,134031,0
2017-11-28,15:40:00,1078.5454,1078.7598,1074.3153,1074.37,24560,0
2017-11-28,15:45:00,1074.25,1075.25,1068.36,1072.95,38162,0
2017-11-28,15:50:00,1073.191,1076.005,1071.515,1071.98,18048,0
2017-11-28,15:55:00,1071.47,1073.36,1070.18,1072.7996,12913,0
2017-11-28,16:00:00,1072.815,1073.44,1071,1072.86,10437,0
2017-11-28,16:05:00,1072.83,1074.09,1072.26,1073.194,5813,0
2017-11-28,16:10:00,1072.52,1074.2573,1071.65,1074.2573,17582,0
2017-11-28,16:15:00,1074.255,1074.255,1072.15,1073.68,9184,0
2017-11-28,16:20:00,1072.8,1075.07,1072.8,1075.032,10150,0
2017-11-28,16:25:00,1075,1075.315,1072.8701,1073.92,15269,0
2017-11-28,16:30:00,1074.05,1074.17,1073.2601,1073.37,8409,0
2017-11-28,16:35:00,1073.01,1073.84,1071.505,1073.24,14101,0
2017-11-28,16:40:00,1073.255,1073.665,1072.02,1072.02,6037,0
2017-11-28,16:45:00,1071.64,1072.6999,1070.4501,1070.47,14173,0
2017-11-28,16:50:00,1070.47,1071.07,1070.09,1070.435,6198,0
2017-11-28,16:55:00,1070.78,1071.979,1070.29,1070.29,8691,0
2017-11-28,17:00:00,1070.5,1070.6,1069.49,1069.5,7967,0
2017-11-28,17:05:00,1069.5697,1070.24,1069,1069.95,5357,0
2017-11-28,17:10:00,1069.537,1070.2,1069,1069.63,5963,0
2017-11-28,17:15:00,1069.48,1069.85,1068.16,1068.5639,6485,0
2017-11-28,17:20:00,1068.6092,1068.6092,1067.6505,1068.12,10129,0
2017-11-28,17:25:00,1068.13,1069.63,1067.78,1069.43,9469,0
2017-11-28,17:30:00,1069.49,1071.87,1069.23,1071.375,8842,0
2017-11-28,17:35:00,1071.17,1071.53,1069.12,1069.45,11304,0
2017-11-28,17:40:00,1069.5,1070.5,1069,1069.46,10916,0
2017-11-28,17:45:00,1069.405,1069.69,1069,1069.47,10922,0
2017-11-28,17:50:00,1069.52,1069.52,1068.61,1068.85,11808,0
2017-11-28,17:55:00,1068.8046,1068.8722,1068.4,1068.85,5153,0
2017-11-28,18:00:00,1069.31,1069.7,1069.1,1069.6939,3900,0
2017-11-28,18:05:00,1069.26,1069.94,1069.11,1069.7292,2221,0
2017-11-28,18:10:00,1069.765,1070,1069.09,1069.405,3901,0
2017-11-28,18:15:00,1069.97,1070,1069.06,1069.83,7722,0
2017-11-28,18:20:00,1069.6,1069.72,1068.87,1069.43,4154,0
2017-11-28,18:25:00,1069.5744,1069.93,1068.74,1069.26,5080,0
2017-11-28,18:30:00,1069.37,1069.78,1068.64,1068.64,11347,0
2017-11-28,18:35:00,1068.74,1069.06,1068.24,1068.375,4030,0
2017-11-28,18:40:00,1068.3,1068.3,1066.3,1066.46,13840,0
2017-11-28,18:45:00,1066.63,1066.63,1065.6027,1065.72,5430,0
2017-11-28,18:50:00,1066.11,1066.7699,1065.75,1066.65,3748,0
2017-11-28,18:55:00,1066.8,1066.91,1066.605,1066.6132,6414,0
2017-11-28,19:00:00,1066.71,1067.11,1066.54,1066.63,3547,0
2017-11-28,19:05:00,1066.94,1067.49,1066.75,1066.825,9465,0
2017-11-28,19:10:00,1066.825,1067.5,1066.8,1067.41,6414,0
2017-11-28,19:15:00,1067.5,1067.6,1066.89,1067.05,5650,0
2017-11-28,19:20:00,1066.87,1067.27,1066.59,1067.24,2150,0
2017-11-28,19:25:00,1067.035,1067.035,1065.47,1065.615,8980,0
2017-11-28,19:30:00,1065.43,1065.57,1063.7437,1064.54,21000,0
2017-11-28,19:35:00,1064.33,1065.54,1064.18,1064.95,7739,0
2017-11-28,19:40:00,1064.6,1064.6,1063.54,1063.54,4313,0
2017-11-28,19:45:00,1063.24,1064.3,1063.23,1063.85,13831,0
2017-11-28,19:50:00,1063.87,1064.15,1063.12,1063.49,6326,0
2017-11-28,19:55:00,1063.5,1063.5,1061.54,1061.54,9773,0
2017-11-28,20:00:00,1061.2,1061.2,1058.4,1059.13,22022,0
2017-11-28,20:05:00,1059.325,1059.325,1054.54,1055.34,46274,0
2017-11-28,20:10:00,1055.5,1060.86,1054.86,1059.37,33483,0
2017-11-28,20:15:00,1059.09,1059.77,1058,1059.75,9686,0
2017-11-28,20:20:00,1059.56,1060.64,1058.965,1060.41,10807,0
2017-11-28,20:25:00,1060.15,1061.81,1059.8,1061.81,7029,0
2017-11-28,20:30:00,1061.83,1064.4899,1061.78,1063.57,24832,0
2017-11-28,20:35:00,1063.99,1064.67,1063.57,1064.47,19601,0
2017-11-28,20:40:00,1064.3795,1065.055,1064.19,1065.055,8893,0
2017-11-28,20:45:00,1064.464,1066.3499,1064.464,1065.62,11543,0
2017-11-28,20:50:00,1065.62,1065.84,1064.81,1065,5829,0
2017-11-28,20:55:00,1064.51,1064.91,1064.29,1064.8,5300,0
2017-11-28,21:00:00,1064.38,1064.4675,1062.32,1062.94,9538,0
2017-11-28,21:05:00,1062.93,1062.93,1061.62,1062.18,11250,0
2017-11-28,21:10:00,1061.995,1063.36,1061.995,1063.36,9438,0
2017-11-28,21:15:00,1063.265,1064.64,1063.265,1064.605,6933,0
2017-11-28,21:20:00,1064.51,1065.64,1064.39,1064.465,11024,0
2017-11-28,21:25:00,1064.71,1065.77,1064.55,1064.75,8864,0
2017-11-28,21:30:00,1064.72,1064.94,1062.63,1062.63,8502,0
2017-11-28,21:35:00,1062.74,1063.6999,1062.19,1062.19,13873,0
2017-11-28,21:40:00,1062.4449,1062.88,1061.75,1062.28,8494,0
2017-11-28,21:45:00,1062.33,1062.92,1061.42,1061.42,10437,0
2017-11-28,21:50:00,1061.42,1061.81,1060.76,1061.7,12286,0
2017-11-28,21:55:00,1062.25,1064.12,1061.64,1062.16,33410,0
2017-11-28,22:00:00,1062.17,1063.31,1061.9,1063.29,143871,0
2017-11-29,15:35:00,1056.18,1058.77,1050.32,1051.35,97604,0
2017-11-29,15:40:00,1051.567,1051.567,1048.25,1048.78,50068,0
2017-11-29,15:45:00,1049.205,1049.69,1045.56,1046.36,57330,0
2017-11-29,15:50:00,1046.85,1046.85,1042.35,1044.43,71273,0
2017-11-29,15:55:00,1044.07,1046.41,1042.02,1043.575,35329,0
2017-11-29,16:00:00,1043.7331,1046.86,1042.01,1042.04,33749,0
2017-11-29,16:05:00,1042.2,1044.36,1040.06,1042.3,48674,0
2017-11-29,16:10:00,1042.36,1045.1,1042.265,1045.0622,25739,0
2017-11-29,16:15:00,1045.02,1046.86,1040.52,1040.58,53257,0
2017-11-29,16:20:00,1040.55,1040.735,1037,1038.8597,49003,0
2017-11-29,16:25:00,1038.2574,1040.5,1035.51,1035.9516,49735,0
2017-11-29,16:30:00,1035.95,1040.14,1034.31,1039.97,45466,0
2017-11-29,16:35:00,1039.6413,1040.6926,1037.75,1040.6926,30254,0
2017-11-29,16:40:00,1040.02,1043.78,1039.64,1042.87,31972,0
2017-11-29,16:45:00,1042.17,1044.99,1041.45,1044.27,21944,0
2017-11-29,16:50:00,1044.21,1045,1043.53,1044.33,24136,0
2017-11-29,16:55:00,1044.3057,1044.93,1040.52,1041.1312,13384,0
2017-11-29,17:00:00,1041.56,1043.17,1038.8,1038.9,19387,0
2017-11-29,17:05:00,1038.82,1039.8,1035.52,1038.9928,29249,0
2017-11-29,17:10:00,1038.515,1038.93,1035,1035.095,19498,0
2017-11-29,17:15:00,1035.375,1038.34,1035,1038.23,27437,0
2017-11-29,17:20:00,1037.865,1038,1035,1035.9,24941,0
2017-11-29,17:25:00,1035.9,1036.58,1034.3601,1034.99,24259,0
2017-11-29,17:30:00,1035.12,1036.51,1034.62,1035.745,25017,0
2017-11-29,17:35:00,1035.455,1035.455,1032.315,1033.5,28466,0
2017-11-29,17:40:00,1034.01,1036.34,1033.835,1035.39,15381,0
2017-11-29,17:45:00,1036.17,1036.17,1032.09,1032.57,9315,0
2017-11-29,17:50:00,1032.5,1033.16,1031.05,1031.95,20457,0
2017-11-29,17:55:00,1031.73,1033.2597,1031.6,1032.27,18976,0
2017-11-29,18:00:00,1032.49,1032.58,1029.6533,1029.6533,22254,0
2017-11-29,18:05:00,1030.08,1031.63,1029.75,1029.9296,17514,0
2017-11-29,18:10:00,1029.91,1032.4,1029.78,1032.4,11088,0
2017-11-29,18:15:00,1032.04,1033.4134,1030.94,1031.32,29854,0
2017-11-29,18:20:00,1031.56,1033.66,1030.94,1033.08,15814,0
2017-11-29,18:25:00,1033.5,1033.96,1032.4,1033.96,13187,0
2017-11-29,18:30:00,1033.66,1034.41,1032.3401,1032.3401,21285,0
2017-11-29,18:35:00,1032.7298,1034.0352,1032.1,1032.28,8200,0
2017-11-29,18:40:00,1032.28,1036.65,1032.28,1036.5,11428,0
2017-11-29,18:45:00,1036.49,1037.12,1034,1034.15,15434,0
2017-11-29,18:50:00,1034.75,1036.9999,1034.58,1036.82,14554,0
2017-11-29,18:55:00,1036.79,1037.79,1035.51,1036.035,24256,0
2017-11-29,19:00:00,1035.75,1037.07,1035.0775,1036.23,9089,0
2017-11-29,19:05:00,1035.86,1036.29,1034.48,1034.48,5661,0
2017-11-29,19:10:00,1034.805,1035.01,1033.745,1034.9,11009,0
2017-11-29,19:15:00,1034.47,1037.31,1034.46,1036.13,10986,0
2017-11-29,19:20:00,1036.17,1038.4,1036.17,1038.08,23250,0
2017-11-29,19:25:00,1037.74,1038.78,1037.74,1037.86,6838,0
2017-11-29,19:30:00,1038.24,1038.78,1037.04,1037.06,10088,0
2017-11-29,19:35:00,1037.3914,1037.3914,1036.1597,1036.76,13010,0
2017-11-29,19:40:00,1036.62,1037.25,1035.4301,1036.34,6393,0
2017-11-29,19:45:00,1036.4501,1037.525,1035.91,1037.525,7304,0
2017-11-29,19:50:00,1037.15,1037.24,1035.96,1036.82,6100,0
2017-11-29,19:55:00,1037.679,1037.679,1034.8,1036.31,7863,0
2017-11-29,20:00:00,1036.32,1036.32,1034.335,1036.08,5942,0
2017-11-29,20:05:00,1035.89,1037.13,1034.94,1037.03,7484,0
2017-11-29,20:10:00,1037.07,1037.07,1035.18,1035.34,8337,0
2017-11-29,20:15:00,1035.6457,1038.17,1035.6457,1037.45,14669,0
2017-11-29,20:20:00,1037.25,1037.279,1035.05,1035.05,5387,0
2017-11-29,20:25:00,1034.95,1035.49,1033.515,1033.9,10861,0
2017-11-29,20:30:00,1033.4,1033.9,1030.85,1032.49,13853,0
2017-11-29,20:35:00,1032.2557,1033.94,1031.985,1031.985,6323,0
2017-11-29,20:40:00,1032.45,1033.155,1031.86,1032.1639,6429,0
2017-11-29,20:45:00,1031.5,1034,1031.5,1033.2,20293,0
2017-11-29,20:50:00,1033.184,1033.79,1031.18,1033.56,6876,0
2017-11-29,20:55:00,1033.48,1034.76,1033.27,1034.76,10009,0
2017-11-29,21:00:00,1034.4716,1036.73,1034.4716,1034.9,21546,0
2017-11-29,21:05:00,1034.85,1036.385,1034.24,1035.32,16464,0
2017-11-29,21:10:00,1035.19,1036.07,1034.7,1035.2,11051,0
2017-11-29,21:15:00,1034.79,1035.95,1033.63,1033.91,11421,0
2017-11-29,21:20:00,1033.8,1034.65,1033.68,1033.68,8213,0
2017-11-29,21:25:00,1033.58,1035.765,1033.535,1034.8625,10949,0
2017-11-29,21:30:00,1035.73,1037.6645,1035.24,1036.73,15588,0
2017-11-29,21:35:00,1036.97,1038.7,1036.01,1038.24,17588,0
2017-11-29,21:40:00,1038.14,1038.365,1036.94,1037.54,14572,0
2017-11-29,21:45:00,1037.7,1037.7,1035.67,1037.11,23167,0
2017-11-29,21:50:00,1037.2,1038.63,1037.02,1037.655,22699,0
2017-11-29,21:55:00,1037.825,1039.97,1037.825,1039.6599,48841,0
2017-11-29,22:00:00,1039.51,1039.83,1036.82,1037.38,176612,0
2017-11-30,15:35:00,1039.94,1041.5,1035,1041.18,83309,0
2017-11-30,15:40:00,1041.12,1044.1399,1030.07,1033.354,53635,0
2017-11-30,15:45:00,1033.38,1037.38,1031.14,1034.81,41624,0
2017-11-30,15:50:00,1035.195,1039.499,1033.2,1038.28,28845,0
2017-11-30,15:55:00,1039.24,1039.24,1034.43,1035.5723,10856,0
2017-11-30,16:00:00,1035.94,1038.75,1034.51,1035.2301,19784,0
2017-11-30,16:05:00,1035.8464,1039.2286,1035.59,1038.455,14611,0
2017-11-30,16:10:00,1038,1039.14,1037.03,1038.16,14493,0
2017-11-30,16:15:00,1037.95,1038.97,1036.23,1036.86,9333,0
2017-11-30,16:20:00,1036.64,1038.1245,1035.45,1038.1245,13347,0
2017-11-30,16:25:00,1038.6,1038.89,1036.85,1038.34,9414,0
2017-11-30,16:30:00,1037.99,1039.58,1037.9474,1038.87,17433,0
2017-11-30,16:35:00,1038.4,1042.21,1038.33,1042.13,24621,0
2017-11-30,16:40:00,1042.03,1042.33,1040.62,1041.73,10256,0
2017-11-30,16:45:00,1041.67,1041.96,1040.01,1040.565,10595,0
2017-11-30,16:50:00,1041.1122,1041.51,1039.435,1040.5,10314,0
2017-11-30,16:55:00,1040.72,1040.96,1039.715,1040.22,5290,0
2017-11-30,17:00:00,1040.19,1040.4105,1038.67,1038.8104,5206,0
2017-11-30,17:05:00,1038.855,1041.49,1038.3871,1040.92,11445,0
2017-11-30,17:10:00,1041.05,1041.275,1040.26,1040.74,3079,0
2017-11-30,17:15:00,1041.3,1042.5,1040.77,1042.29,10167,0
2017-11-30,17:20:00,1042.36,1043.28,1041.5,1042.555,12250,0
2017-11-30,17:25:00,1042.555,1042.555,1041.09,1041.09,7844,0
2017-11-30,17:30:00,1041.42,1041.42,1037.031,1038,18588,0
2017-11-30,17:35:00,1038.395,1039.6095,1037.56,1037.67,6145,0
2017-11-30,17:40:00,1037.52,1038.54,1037.325,1037.72,5315,0
2017-11-30,17:45:00,1037.75,1038.05,1037.01,1037.31,5977,0
2017-11-30,17:50:00,1037.04,1038.209,1036.3,1037.78,9391,0
2017-11-30,17:55:00,1037.665,1037.85,1037.03,1037.06,4255,0
2017-11-30,18:00:00,1036.86,1037.55,1036.16,1037.4766,5269,0
2017-11-30,18:05:00,1037.3445,1038.25,1037.3445,1037.445,10933,0
2017-11-30,18:10:00,1037.39,1039.27,1037.25,1038.82,16176,0
2017-11-30,18:15:00,1039.23,1040.34,1038.92,1040.31,6006,0
2017-11-30,18:20:00,1040.1,1040.5499,1039.35,1039.43,5282,0
2017-11-30,18:25:00,1040.1,1040.57,1039.86,1040.11,14820,0
2017-11-30,18:30:00,1040.1,1040.36,1039.43,1039.5,6749,0
2017-11-30,18:35:00,1039.745,1039.94,1038.65,1039.29,3413,0
2017-11-30,18:40:00,1039.4,1039.9173,1038.78,1039,5913,0
2017-11-30,18:45:00,1039,1040,1038.87,1038.87,7216,0
2017-11-30,18:50:00,1039,1039.1453,1038.28,1038.51,9087,0
2017-11-30,18:55:00,1038.51,1038.51,1036.46,1036.5,8476,0
2017-11-30,19:00:00,1036.42,1037.51,1035,1036.985,9625,0
2017-11-30,19:05:00,1036.83,1038.795,1036.82,1038.11,15937,0
2017-11-30,19:10:00,1037.81,1038.97,1037.24,1037.49,5580,0
2017-11-30,19:15:00,1037.51,1038.11,1037,1037.41,6406,0
2017-11-30,19:20:00,1037.37,1037.37,1034.33,1035.59,7465,0
2017-11-30,19:25:00,1035.23,1035.66,1033.61,1033.6702,9497,0
2017-11-30,19:30:00,1033.56,1035.88,1033.34,1035.02,11697,0
2017-11-30,19:35:00,1034.77,1035.23,1033.74,1034.97,9510,0
2017-11-30,19:40:00,1034.96,1035.375,1033.505,1034.44,5000,0
2017-11-30,19:45:00,1034.75,1034.9,1033.42,1033.42,7412,0
2017-11-30,19:50:00,1033.55,1034.93,1033.22,1034.21,9169,0
2017-11-30,19:55:00,1034.0368,1034.3099,1033.11,1033.11,8942,0
2017-11-30,20:00:00,1033.06,1034.9,1032.8,1034.63,14561,0
2017-11-30,20:05:00,1034.33,1034.9999,1032.88,1033,9516,0
2017-11-30,20:10:00,1032.85,1033.2054,1032.17,1032.9099,5873,0
2017-11-30,20:15:00,1032.71,1033.76,1032.18,1032.75,8662,0
2017-11-30,20:20:00,1032.6,1033.17,1032.6,1033.12,8417,0
2017-11-30,20:25:00,1033.24,1033.34,1032.82,1033.25,4715,0
2017-11-30,20:30:00,1033.105,1035.73,1033.095,1035.565,10360,0
2017-11-30,20:35:00,1035.2901,1036.479,1034.27,1035.07,15682,0
2017-11-30,20:40:00,1034.9437,1035.43,1034.22,1034.71,5958,0
2017-11-30,20:45:00,1034.84,1034.9498,1033.9,1034.25,3348,0
2017-11-30,20:50:00,1034.05,1034.15,1033.62,1033.96,3500,0
2017-11-30,20:55:00,1033.77,1034.24,1033.48,1034.04,5800,0
2017-11-30,21:00:00,1034.04,1034.04,1032.4,1032.93,11639,0
2017-11-30,21:05:00,1032.28,1033.75,1032.15,1032.64,12863,0
2017-11-30,21:10:00,1032.5,1032.5,1031.02,1031.19,20840,0
2017-11-30,21:15:00,1031.38,1033.2,1031,1032.74,16224,0
2017-11-30,21:20:00,1032.96,1034.4299,1032.96,1033.3,10328,0
2017-11-30,21:25:00,1033.1,1034.98,1033.01,1034.16,12566,0
2017-11-30,21:30:00,1034.3,1035.57,1034.03,1035.04,8576,0
2017-11-30,21:35:00,1035.45,1035.45,1034.31,1034.67,10300,0
2017-11-30,21:40:00,1035.03,1035.27,1033.0401,1033.84,15427,0
2017-11-30,21:45:00,1033.8,1034.77,1033.28,1033.28,12591,0
2017-11-30,21:50:00,1033.65,1035.15,1033.01,1035.05,28683,0
2017-11-30,21:55:00,1035.59,1038.5,1034.7201,1036.91,46648,0
2017-11-30,22:00:00,1036.73,1037.21,1033.99,1036.17,443957,0
2017-12-01,15:35:00,1030.41,1037.245,1030.07,1036.33,67813,0
2017-12-01,15:40:00,1036.415,1036.47,1033.78,1034.2866,10411,0
2017-12-01,15:45:00,1034.36,1035.35,1030.5,1030.5,19198,0
2017-12-01,15:50:00,1030.89,1032.238,1030.76,1031.38,11573,0
2017-12-01,15:55:00,1031.66,1033.59,1031.6,1033.13,12333,0
2017-12-01,16:00:00,1033.05,1033.05,1031.5,1032.17,14141,0
2017-12-01,16:05:00,1032.23,1034.05,1031.57,1033.3615,10671,0
2017-12-01,16:10:00,1033.35,1034.33,1032.75,1033.41,15231,0
2017-12-01,16:15:00,1033.22,1033.3,1031.51,1033.3,9322,0
2017-12-01,16:20:00,1033.01,1035.61,1032.89,1035.1736,9156,0
2017-12-01,16:25:00,1035.7099,1035.99,1034.31,1035.43,7856,0
2017-12-01,16:30:00,1035.35,1035.86,1033.61,1033.98,8134,0
2017-12-01,16:35:00,1034.06,1034.14,1032,1032.01,15787,0
2017-12-01,16:40:00,1032.4,1033.12,1031.69,1031.91,8023,0
2017-12-01,16:45:00,1032.455,1033.33,1031.56,1032.06,6484,0
2017-12-01,16:50:00,1031.84,1033.1826,1031.84,1032.39,3777,0
2017-12-01,16:55:00,1032.44,1033.3,1032,1032.395,5149,0
2017-12-01,17:00:00,1032.63,1032.83,1031.9998,1031.9998,5079,0
2017-12-01,17:05:00,1031.57,1032.45,1031.205,1032.3,5479,0
2017-12-01,17:10:00,1032.01,1032.6,1027.31,1029.44,21461,0
2017-12-01,17:15:00,1029.235,1030.23,1023,1026.79,27837,0
2017-12-01,17:20:00,1026.79,1028.22,1024.12,1024.51,16243,0
2017-12-01,17:25:00,1024.77,1025.29,1021.01,1021.32,29831,0
2017-12-01,17:30:00,1021.05,1023.83,1020.26,1020.8,32962,0
2017-12-01,17:35:00,1020.8,1022.53,1016.9,1020.97,47837,0
2017-12-01,17:40:00,1021.2269,1025.939,1020.77,1024.01,21037,0
2017-12-01,17:45:00,1024.83,1025.499,1020.7,1021.97,15314,0
2017-12-01,17:50:00,1021.24,1021.545,1019.38,1020.15,18912,0
2017-12-01,17:55:00,1019.535,1020.98,1017.53,1019.84,19587,0
2017-12-01,18:00:00,1020.46,1024.53,1018.875,1024.11,16355,0
2017-12-01,18:05:00,1023.5476,1025,1022.51,1024.02,8585,0
2017-12-01,18:10:00,1023.9,1025.52,1022.98,1024.9,14529,0
2017-12-01,18:15:00,1024.27,1025.2699,1023.03,1023.03,6865,0
2017-12-01,18:20:00,1022.6,1024.44,1021.45,1022.99,7348,0
2017-12-01,18:25:00,1022.51,1023.55,1022.19,1023.07,2931,0
2017-12-01,18:30:00,1022.6,1023.8,1022.6,1023.51,6863,0
2017-12-01,18:35:00,1023.435,1023.72,1022.39,1022.39,2549,0
2017-12-01,18:40:00,1022.7,1023.41,1021.738,1022.25,4244,0
2017-12-01,18:45:00,1022.325,1024.11,1022.305,1023.321,4900,0
2017-12-01,18:50:00,1024.0809,1026.872,1024.0809,1026.5,9289,0
2017-12-01,18:55:00,1026.74,1027.86,1026.3701,1026.69,12636,0
2017-12-01,19:00:00,1025.95,1027,1025.95,1027,3565,0
2017-12-01,19:05:00,1026.49,1026.9,1025.28,1025.71,2371,0
2017-12-01,19:10:00,1026.1,1026.1,1023.84,1023.84,4086,0
2017-12-01,19:15:00,1023.7,1024.83,1023.3,1023.99,7099,0
2017-12-01,19:20:00,1023.63,1023.63,1022.13,1022.8613,5463,0
2017-12-01,19:25:00,1022.29,1023.53,1022.15,1023.29,5133,0
2017-12-01,19:30:00,1023.14,1024.33,1023.14,1023.81,5084,0
2017-12-01,19:35:00,1024.1033,1025.76,1023.76,1025.25,3683,0
2017-12-01,19:40:00,1025.16,1026.23,1024.66,1026.23,5998,0
2017-12-01,19:45:00,1026.22,1026.72,1024.785,1024.86,11931,0
2017-12-01,19:50:00,1024.86,1025,1023.37,1024.37,4761,0
2017-12-01,19:55:00,1024.06,1024.46,1023.15,1023.15,3670,0
2017-12-01,20:00:00,1023.14,1024.465,1023.14,1023.44,6523,0
2017-12-01,20:05:00,1023.19,1023.9,1022.18,1023.35,6999,0
2017-12-01,20:10:00,1023.2535,1023.2535,1021.33,1022.33,9922,0
2017-12-01,20:15:00,1021.955,1022.55,1021.6,1022.21,12629,0
2017-12-01,20:20:00,1022.4,1022.63,1020.81,1022.28,7785,0
2017-12-01,20:25:00,1022.5,1022.76,1021.76,1022.35,5247,0
2017-12-01,20:30:00,1022.02,1022.62,1021.47,1022.62,5811,0
2017-12-01,20:35:00,1022.72,1023.55,1022.6501,1022.95,14097,0
2017-12-01,20:40:00,1023.12,1023.35,1022.72,1022.77,4923,0
2017-12-01,20:45:00,1022.85,1022.85,1020.77,1021.22,6134,0
2017-12-01,20:50:00,1021.19,1021.43,1020,1020.24,10974,0
2017-12-01,20:55:00,1020.32,1021.23,1020.32,1020.79,6459,0
2017-12-01,21:00:00,1020.9918,1021.57,1020.23,1021.4076,8442,0
2017-12-01,21:05:00,1021.18,1021.22,1019.9001,1020.79,14792,0
2017-12-01,21:10:00,1020.79,1022.45,1020.6101,1022.0595,11551,0
2017-12-01,21:15:00,1022.4,1022.47,1021.21,1021.69,4894,0
2017-12-01,21:20:00,1021.73,1023.59,1021.73,1023.41,8679,0
2017-12-01,21:25:00,1023.07,1023.93,1022.62,1023.17,5870,0
2017-12-01,21:30:00,1023.52,1023.92,1022.79,1023.035,8726,0
2017-12-01,21:35:00,1022.78,1023.62,1022.7,1022.98,7826,0
2017-12-01,21:40:00,1023.16,1023.54,1022.49,1023.02,7835,0
2017-12-01,21:45:00,1023.04,1024.195,1023.04,1023.99,14798,0
2017-12-01,21:50:00,1023.72,1024.195,1022.14,1024.08,18214,0
2017-12-01,21:55:00,1024.37,1025.96,1024.15,1024.755,26807,0
2017-12-01,22:00:00,1025.04,1025.46,1024.61,1025.07,61315,0
2017-12-04,15:35:00,1027.8,1031.075,1021.63,1023.36,89646,0
2017-12-04,15:40:00,1023.39,1028.2418,1021.21,1028.2418,25141,0
2017-12-04,15:45:00,1027.59,1028.99,1026.025,1028.54,14902,0
2017-12-04,15:50:00,1028.55,1029.4899,1026.84,1029.18,11654,0
2017-12-04,15:55:00,1029.69,1031.34,1029.59,1029.89,16592,0
2017-12-04,16:00:00,1029.555,1029.67,1025.28,1025.56,25045,0
2017-12-04,16:05:00,1025.25,1025.78,1023.14,1023.69,22707,0
2017-12-04,16:10:00,1023.07,1023.2,1020.33,1021.0601,36772,0
2017-12-04,16:15:00,1021.57,1021.765,1017.46,1020.65,23596,0
2017-12-04,16:20:00,1020.2,1020.22,1016.4,1018.075,15856,0
2017-12-04,16:25:00,1018.18,1020.5,1017.66,1020.11,21270,0
2017-12-04,16:30:00,1020.7491,1021.1,1019.66,1020.57,8438,0
2017-12-04,16:35:00,1020.9799,1021.43,1018.43,1018.43,12088,0
2017-12-04,16:40:00,1018.33,1019.2401,1017.59,1019.2401,12192,0
2017-12-04,16:45:00,1019.682,1020.435,1017.72,1017.75,7224,0
2017-12-04,16:50:00,1017.64,1017.64,1014.4,1014.7368,19737,0
2017-12-04,16:55:00,1015.13,1015.561,1012.2,1012.81,16436,0
2017-12-04,17:00:00,1013.052,1013.36,1010.5,1012.2134,34189,0
2017-12-04,17:05:00,1012.6297,1013.3,1011.43,1012.5081,14343,0
2017-12-04,17:10:00,1012.49,1013.6623,1011.7,1013.0283,21481,0
2017-12-04,17:15:00,1012.935,1014.6,1011.42,1013.53,16961,0
2017-12-04,17:20:00,1014.13,1014.72,1013.29,1014.5548,17548,0
2017-12-04,17:25:00,1014.96,1018.875,1014.6325,1018.5,16923,0
2017-12-04,17:30:00,1018.98,1019.935,1017,1017.01,10253,0
2017-12-04,17:35:00,1017.4589,1018.07,1015.56,1016.5276,8735,0
2017-12-04,17:40:00,1016.28,1017.39,1014.59,1015.5531,23586,0
2017-12-04,17:45:00,1015.8,1016.19,1013.87,1014,23601,0
2017-12-04,17:50:00,1013.855,1013.855,1012.09,1013.24,8259,0
2017-12-04,17:55:00,1013.35,1014.5342,1012.46,1012.57,12317,0
2017-12-04,18:00:00,1012.9482,1015.06,1012.8,1014.54,12487,0
2017-12-04,18:05:00,1014.3,1016.81,1014.295,1015.97,13443,0
2017-12-04,18:10:00,1015.845,1016.7,1015.51,1015.62,7152,0
2017-12-04,18:15:00,1015.755,1018.7833,1015.62,1018.5,8378,0
2017-12-04,18:20:00,1017.9,1018.5987,1014.885,1014.885,14273,0
2017-12-04,18:25:00,1014.92,1015.28,1013.24,1014.44,13782,0
2017-12-04,18:30:00,1014.15,1015.16,1013.57,1015.16,4700,0
2017-12-04,18:35:00,1015.085,1015.87,1014.83,1015.83,3437,0
2017-12-04,18:40:00,1015.85,1016.76,1015.58,1016.395,4150,0
2017-12-04,18:45:00,1016.79,1019,1016.7,1017.9,4910,0
2017-12-04,18:50:00,1017.47,1018.57,1016.97,1018.57,2612,0
2017-12-04,18:55:00,1018.675,1020.93,1018.56,1019.82,11016,0
2017-12-04,19:00:00,1020.01,1020.32,1019.3801,1020.26,4915,0
2017-12-04,19:05:00,1020.29,1022.58,1020.1107,1022.2197,15528,0
2017-12-04,19:10:00,1022.65,1023.35,1021.6544,1022.03,15627,0
2017-12-04,19:15:00,1022.04,1023.14,1022.04,1022.49,5309,0
2017-12-04,19:20:00,1022.47,1022.83,1021.18,1021.85,2854,0
2017-12-04,19:25:00,1022.055,1022.94,1021.6901,1022.09,5133,0
2017-12-04,19:30:00,1022.45,1022.8,1021.39,1021.46,9683,0
2017-12-04,19:35:00,1021.34,1022.105,1021.05,1021.56,6300,0
2017-12-04,19:40:00,1021.14,1021.86,1020.71,1021.35,5118,0
2017-12-04,19:45:00,1021.26,1022.1,1021.26,1021.95,4350,0
2017-12-04,19:50:00,1021.58,1022.46,1021.4,1021.79,2800,0
2017-12-04,19:55:00,1020.9,1021.43,1020.81,1020.875,10900,0
2017-12-04,20:00:00,1021.89,1023.69,1021.89,1023.58,7150,0
2017-12-04,20:05:00,1023.57,1023.57,1022.55,1022.7,3819,0
2017-12-04,20:10:00,1023.07,1023.07,1021.08,1021.43,9058,0
2017-12-04,20:15:00,1021.325,1021.69,1020.24,1020.24,25600,0
2017-12-04,20:20:00,1020.6,1021.1,1019.44,1019.6,4586,0
2017-12-04,20:25:00,1019.09,1020.4,1018.26,1018.26,7751,0
2017-12-04,20:30:00,1018.26,1019.375,1017.39,1018.335,8898,0
2017-12-04,20:35:00,1017.84,1017.84,1015.98,1016.19,9050,0
2017-12-04,20:40:00,1016.1,1016.87,1014.9,1016.05,8259,0
2017-12-04,20:45:00,1016.7999,1016.7999,1014.17,1014.9968,5431,0
2017-12-04,20:50:00,1014.58,1014.93,1013.85,1014.2,8686,0
2017-12-04,20:55:00,1014.2228,1014.9,1013.47,1014.565,4131,0
2017-12-04,21:00:00,1014.46,1015.08,1012.865,1013.41,6351,0
2017-12-04,21:05:00,1012.72,1013.28,1011.95,1013.28,11293,0
2017-12-04,21:10:00,1013.6,1015.52,1012.75,1015.2,8772,0
2017-12-04,21:15:00,1015.49,1015.49,1013.78,1014.95,6694,0
2017-12-04,21:20:00,1014.5,1014.86,1013.2067,1013.2067,6631,0
2017-12-04,21:25:00,1013.045,1015.87,1013.04,1014.8,15112,0
2017-12-04,21:30:00,1015.03,1015.3,1013.81,1014.6,12149,0
2017-12-04,21:35:00,1014.04,1015.935,1012.65,1013.085,8650,0
2017-12-04,21:40:00,1013.19,1013.6573,1010.82,1010.82,20741,0
2017-12-04,21:45:00,1010.97,1011.29,1010,1010.22,28922,0
2017-12-04,21:50:00,1010.45,1010.79,1009.22,1009.87,22736,0
2017-12-04,21:55:00,1009.99,1012.81,1009.99,1012.767,34101,0
2017-12-04,22:00:00,1012.48,1013.43,1011.54,1011.87,141682,0
2017-12-05,15:35:00,1010.99,1016.49,1002.315,1013.8319,84237,0
2017-12-05,15:40:00,1014.89,1023.18,1013.48,1020.66,45174,0
2017-12-05,15:45:00,1020.77,1023.5963,1020.11,1021.57,23104,0
2017-12-05,15:50:00,1021.495,1023.13,1020.74,1021.31,11830,0
2017-12-05,15:55:00,1021.19,1021.83,1019.41,1020.3,10512,0
2017-12-05,16:00:00,1020.24,1024.66,1019.77,1023.5456,20473,0
2017-12-05,16:05:00,1023.55,1028.75,1023.508,1027.88,38205,0
2017-12-05,16:10:00,1027.89,1028.3,1026.04,1027.55,28969,0
2017-12-05,16:15:00,1027.53,1027.885,1022.96,1024.153,16850,0
2017-12-05,16:20:00,1023.81,1027.33,1023.08,1027.21,16839,0
2017-12-05,16:25:00,1026.99,1028.75,1026.22,1028.585,34461,0
2017-12-05,16:30:00,1028,1028.75,1026.64,1027.3,15980,0
2017-12-05,16:35:00,1027.9,1029.99,1027.84,1029.99,7201,0
2017-12-05,16:40:00,1029.97,1031.18,1029.015,1029.96,32492,0
2017-12-05,16:45:00,1029.6753,1030.83,1029.59,1029.6805,10839,0
2017-12-05,16:50:00,1029.879,1030.3801,1029.3,1029.37,9553,0
2017-12-05,16:55:00,1029.38,1030.19,1026.805,1030.19,14698,0
2017-12-05,17:00:00,1030.09,1030.65,1029.62,1030.33,9718,0
2017-12-05,17:05:00,1030.39,1030.93,1030.02,1030.92,13344,0
2017-12-05,17:10:00,1030.5,1032.37,1030.5,1031.1303,20951,0
2017-12-05,17:15:00,1031.3,1034.83,1031.3,1034.6425,27897,0
2017-12-05,17:20:00,1034.341,1036.68,1034.341,1035.79,36841,0
2017-12-05,17:25:00,1036.03,1036.36,1034.31,1034.9,21042,0
2017-12-05,17:30:00,1034.94,1035.99,1034.4675,1034.71,24753,0
2017-12-05,17:35:00,1034.58,1035.09,1032.01,1032.865,11424,0
2017-12-05,17:40:00,1033.2,1033.32,1030.641,1031.14,10734,0
2017-12-05,17:45:00,1031.3,1032.98,1030.69,1030.69,8433,0
2017-12-05,17:50:00,1030.85,1032.44,1030.6101,1031.305,8927,0
2017-12-05,17:55:00,1031.9999,1032.455,1030.93,1031.705,5812,0
2017-12-05,18:00:00,1031.085,1031.39,1027.17,1028.07,24684,0
2017-12-05,18:05:00,1027.68,1029.0838,1027.09,1027.09,11141,0
2017-12-05,18:10:00,1027.3908,1027.52,1025.01,1026.2018,18439,0
2017-12-05,18:15:00,1026.095,1028.29,1026.042,1026.93,7300,0
2017-12-05,18:20:00,1027.53,1027.53,1025.97,1026.925,5413,0
2017-12-05,18:25:00,1027.19,1027.19,1025.54,1026.45,6276,0
2017-12-05,18:30:00,1026.415,1028.87,1026.415,1028.39,7317,0
2017-12-05,18:35:00,1028.0607,1029.24,1027.47,1028.925,14274,0
2017-12-05,18:40:00,1028.975,1029,1028.01,1028.05,3311,0
2017-12-05,18:45:00,1027.78,1028.62,1027.11,1028.185,4433,0
2017-12-05,18:50:00,1028.54,1028.97,1027.12,1027.49,2800,0
2017-12-05,18:55:00,1027.15,1027.49,1025.28,1025.61,4747,0
2017-12-05,19:00:00,1026.03,1026.36,1023.05,1023.98,10388,0
2017-12-05,19:05:00,1023.51,1024,1022.16,1023.63,10089,0
2017-12-05,19:10:00,1024.09,1024.45,1023,1023.47,2577,0
2017-12-05,19:15:00,1023.17,1023.99,1023.17,1023.72,8300,0
2017-12-05,19:20:00,1023.15,1024.61,1022.7,1024.61,4118,0
2017-12-05,19:25:00,1024.84,1026.58,1024.28,1026.07,10406,0
2017-12-05,19:30:00,1026,1027,1025.1,1025.14,5608,0
2017-12-05,19:35:00,1025.11,1026.07,1024.665,1025.36,7048,0
2017-12-05,19:40:00,1025.13,1026.71,1024.95,1024.95,5230,0
2017-12-05,19:45:00,1024.9301,1024.9301,1023.14,1024.3348,5750,0
2017-12-05,19:50:00,1023.82,1024.82,1023.68,1024.4,5039,0
2017-12-05,19:55:00,1024.61,1024.73,1024.01,1024.02,2002,0
2017-12-05,20:00:00,1023.164,1024.4,1023.164,1024.3,2578,0
2017-12-05,20:05:00,1024.62,1025.44,1024.62,1024.68,4102,0
2017-12-05,20:10:00,1024.68,1025.95,1024.59,1025.95,3929,0
2017-12-05,20:15:00,1025.53,1026.115,1024.6213,1024.6213,3376,0
2017-12-05,20:20:00,1024.22,1024.845,1023.414,1023.57,8043,0
2017-12-05,20:25:00,1023.48,1023.48,1021,1021.7001,22065,0
2017-12-05,20:30:00,1022.25,1022.6699,1021.7818,1022.3121,4059,0
2017-12-05,20:35:00,1021.58,1021.9,1020.56,1021.25,6137,0
2017-12-05,20:40:00,1021.4067,1021.4067,1020.46,1020.46,3500,0
2017-12-05,20:45:00,1020.5521,1021.88,1020.19,1020.915,4524,0
2017-12-05,20:50:00,1020.78,1020.83,1019.145,1019.9092,8864,0
2017-12-05,20:55:00,1020.56,1020.56,1018.79,1019.121,3316,0
2017-12-05,21:00:00,1019.77,1020.12,1018.0001,1018.33,17813,0
2017-12-05,21:05:00,1018.57,1019.77,1017.7,1019.77,9613,0
2017-12-05,21:10:00,1019.07,1020.99,1018.85,1020.5,6391,0
2017-12-05,21:15:00,1019.56,1021.99,1019.3889,1021.25,7168,0
2017-12-05,21:20:00,1021.52,1021.52,1018.24,1019.2388,6034,0
2017-12-05,21:25:00,1019.15,1021.2,1018.5504,1021.02,9196,0
2017-12-05,21:30:00,1021.35,1022.98,1021.24,1021.3,8939,0
2017-12-05,21:35:00,1021.04,1022.89,1021.04,1021.46,4518,0
2017-12-05,21:40:00,1021.425,1022.4,1020.42,1021.21,6762,0
2017-12-05,21:45:00,1021.03,1022.0405,1020.16,1021.61,5476,0
2017-12-05,21:50:00,1021.37,1021.7,1019.2,1019.96,12739,0
2017-12-05,21:55:00,1020.05,1020.05,1018.16,1019.37,29641,0
2017-12-05,22:00:00,1019.44,1021.32,1019.32,1019.6,233836,0
2017-12-06,15:35:00,1016.52,1028.0399,1015.31,1027.2503,47372,0
2017-12-06,15:40:00,1026.28,1031.63,1025.13,1030.31,23035,0
2017-12-06,15:45:00,1029.8636,1031.415,1029.18,1029.775,20722,0
2017-12-06,15:50:00,1030,1030,1026.88,1026.88,20482,0
2017-12-06,15:55:00,1026.39,1029.69,1026.39,1028.46,30192,0
2017-12-06,16:00:00,1029.12,1029.16,1026.36,1026.36,23976,0
2017-12-06,16:05:00,1025.925,1030.52,1025.69,1029.38,24194,0
2017-12-06,16:10:00,1029.49,1029.635,1028.54,1029.33,3861,0
2017-12-06,16:15:00,1028.71,1028.71,1025.5,1026.52,6996,0
2017-12-06,16:20:00,1027.5,1028.82,1026.47,1027.62,6516,0
2017-12-06,16:25:00,1028.22,1030,1027.1,1029.25,6783,0
2017-12-06,16:30:00,1029.04,1030.73,1028.72,1030.075,9452,0
2017-12-06,16:35:00,1030.34,1031.09,1029.3801,1029.88,6494,0
2017-12-06,16:40:00,1029.88,1030.62,1027.8,1027.8,7673,0
2017-12-06,16:45:00,1027.4,1030.129,1027.4,1029.18,3885,0
2017-12-06,16:50:00,1029.59,1031.3453,1029.59,1030.82,10918,0
2017-12-06,16:55:00,1030.65,1030.65,1029.0101,1029.0301,3535,0
2017-12-06,17:00:00,1029.5207,1031.66,1028.9,1031.4812,12415,0
2017-12-06,17:05:00,1031.79,1032.5,1030.69,1030.69,11437,0
2017-12-06,17:10:00,1030.5,1031.7581,1029.68,1031.7581,3502,0
2017-12-06,17:15:00,1032.0899,1032.305,1030.29,1031.105,6360,0
2017-12-06,17:20:00,1031.3928,1032.0244,1030.75,1031.2453,5700,0
2017-12-06,17:25:00,1031.53,1033.55,1031.53,1033.145,16018,0
2017-12-06,17:30:00,1032.51,1033.82,1031.23,1031.63,12040,0
2017-12-06,17:35:00,1030.99,1032.038,1030.33,1030.82,11129,0
2017-12-06,17:40:00,1030.4901,1031.4799,1030.4901,1030.832,4047,0
2017-12-06,17:45:00,1030.93,1031.075,1030.45,1030.65,3844,0
2017-12-06,17:50:00,1030.77,1032,1030.77,1032,3635,0
2017-12-06,17:55:00,1031.43,1031.76,1030.8,1031.015,2664,0
2017-12-06,18:00:00,1030.83,1031.52,1030.52,1031.52,2800,0
2017-12-06,18:05:00,1031.465,1032.175,1031.18,1031.9784,2981,0
2017-12-06,18:10:00,1032.01,1032.165,1031.51,1031.92,3525,0
2017-12-06,18:15:00,1031.8001,1034.21,1031.8001,1034.015,14067,0
2017-12-06,18:20:00,1033.83,1033.83,1032.43,1032.43,6908,0
2017-12-06,18:25:00,1032.59,1032.9425,1031.6,1032.4716,4810,0
2017-12-06,18:30:00,1032.27,1032.74,1031.195,1031.375,6879,0
2017-12-06,18:35:00,1031.16,1031.57,1030.6,1031.4847,8646,0
2017-12-06,18:40:00,1031.145,1031.61,1030.57,1030.94,1944,0
2017-12-06,18:45:00,1030.915,1033.4,1030.915,1033.21,7050,0
2017-12-06,18:50:00,1033.205,1034.26,1032.74,1033.61,9447,0
2017-12-06,18:55:00,1033.46,1033.78,1032.19,1032.43,9315,0
2017-12-06,19:00:00,1032.22,1032.81,1031.75,1031.75,3980,0
2017-12-06,19:05:00,1032.14,1032.18,1030.82,1031.845,4488,0
2017-12-06,19:10:00,1032.26,1032.27,1031.36,1031.38,3590,0
2017-12-06,19:15:00,1031.89,1032.42,1031.52,1031.9,1324,0
2017-12-06,19:20:00,1032.19,1032.56,1032.11,1032.495,1000,0
2017-12-06,19:25:00,1031.98,1032.73,1031.79,1032.52,5300,0
2017-12-06,19:30:00,1032.67,1033.17,1032.58,1032.59,3625,0
2017-12-06,19:35:00,1032.45,1034.77,1032.31,1034.292,6769,0
2017-12-06,19:40:00,1034.63,1034.91,1033.94,1034.005,9472,0
2017-12-06,19:45:00,1034,1034.73,1033.47,1033.9,5469,0
2017-12-06,19:50:00,1033.503,1034.62,1033.503,1034.48,4341,0
2017-12-06,19:55:00,1034.57,1035.26,1034.471,1034.925,9285,0
2017-12-06,20:00:00,1034.84,1035.27,1034.54,1035.1422,3818,0
2017-12-06,20:05:00,1034.89,1036.03,1034.61,1036.03,6627,0
2017-12-06,20:10:00,1035.8956,1036.4,1033.96,1033.96,8318,0
2017-12-06,20:15:00,1034.3351,1035.18,1034.27,1034.69,8173,0
2017-12-06,20:20:00,1035.25,1035.76,1034.6914,1035.56,5245,0
2017-12-06,20:25:00,1035.51,1036.24,1035.06,1036.24,8124,0
2017-12-06,20:30:00,1036.24,1036.97,1035.4,1036.65,9657,0
2017-12-06,20:35:00,1036.25,1036.73,1036.235,1036.505,6798,0
2017-12-06,20:40:00,1036.4564,1038.25,1036.4564,1037.12,14534,0
2017-12-06,20:45:00,1037.272,1038.5,1037.09,1038.3989,6817,0
2017-12-06,20:50:00,1038.24,1038.73,1037.53,1037.72,7634,0
2017-12-06,20:55:00,1037.66,1037.88,1037.06,1037.85,6055,0
2017-12-06,21:00:00,1037.96,1038.15,1037.53,1037.98,5203,0
2017-12-06,21:05:00,1038.3008,1038.45,1038.02,1038.08,1500,0
2017-12-06,21:10:00,1038.195,1038.72,1038.1816,1038.6145,2952,0
2017-12-06,21:15:00,1038.411,1039.1432,1038.411,1038.99,6680,0
2017-12-06,21:20:00,1038.99,1039.58,1038.08,1038.57,4776,0
2017-12-06,21:25:00,1038.665,1038.864,1037,1037,6209,0
2017-12-06,21:30:00,1037.08,1037.5199,1036.1526,1036.46,8944,0
2017-12-06,21:35:00,1036.3337,1036.43,1034.4,1034.4,11423,0
2017-12-06,21:40:00,1034.0077,1034.61,1033.5,1033.78,12571,0
2017-12-06,21:45:00,1033.8212,1034.9999,1033.22,1034.605,8356,0
2017-12-06,21:50:00,1034.27,1035.81,1034.02,1034.02,12274,0
2017-12-06,21:55:00,1033.63,1034.2996,1032.1,1033.55,24821,0
2017-12-06,22:00:00,1033.71,1033.8899,1032.01,1032.72,144942,0
